e = 2.7171210000
Iterations: 1000000
Error: 0.0011608285
