e ≈ 2.7191360000
Iterations: 1000000
Error: 0.0008541715
