FUNCTION=x^2*sin(x)+1
INTERVAL_A=0
INTERVAL_B=3.14159
SAMPLES=2000000
INTEGRAL=9.01087
